137
2123
2145
2179
2182
2187
2375
2478
2578
2662
2708
2907
3385
3397
3657
3690
3902
3950
4033
4211
4493
4842
4915
5291
5311
5394
5453
5746
5757
5978
5994
6253
20279
29327
30323
30751
31703
34698
36314
36462
38904
40839
41744
41867
42890
57166
60198
60700
60750
60780
60838
60843
60953
71398
82146
104741
104758
108150
119182
123631
126941
148124
157922
163659
176870
208908
216239
241903
259331
387447
439693
441203
444795
448537
449171
457193
460612
518740
644241
667490
2733526
3005573
3011155
3062316
5311128
5329102
5353562
5360373
6442177
6857599
9854073
23305354
23724530
44151801
